2022-11-10 22:34:49.537158
434476793
1712436
259333
305956876
2223018
1600113
39101587
1338715561
12514033
52250
8346717
138789848
450112114
238171819
4441160
430136831
11605312
1711589
2306780
402923390
4672948
22781
115065744
17328861
21012764
780699
34845301
837470
1600142
848008
430726
4574929
502909621
6799052
1565860520
1412799242
13428321
6784676
4683149
180026165
22609783
37334901
52933528
168788411
433715
1852181
11595736
3267615
17604234
385282068
6699082
357780378
1492818830
1962633
1678535
874267
724686
5462540
23085689
25866139
2026548816
1623831613
941422
178736501
3306866
11646961
1845381
525262749
321206558
6684856
622863
494994650
9459684
348487243
524635090
3075365
18343098
23237718
1467772
2712662
9153331
593614
16065527
480776951
509069409
89616684
18841842
26025860
51588985
323737328
2946474
27441982
97094885
900171
1532261613
449300057
154506630
283036476
137911
21103896
1155574439
13647660
140226477
8892937
10997272
1606552
479089690
12749533
8066835
496049835
548633
481973539
262888220
313511368
174501086
417477150
21648772
1575476
179288789
1547108960
1203321154
1430947410
31202338
1661670572
51003438
325241977
378515813
1142275691
2027022158
398742679
629075158
1004807188
15451699
17012139
47156230
699647217
1755762926
1476033488
85997303