15451699
17012139
21012764
17328861
13428321
6784676
494994650
622863
6684856
525262749
1845381
941422
5276
1868591945
116683
560647
651529648
7128353
690111567
2108856
25866139
3267615
5462540
724686
874267
1678535
138789848
11605312
4441160
238171819
450112114
8346717
52250
24524790
39101587
699657478
454984558
5142241
8953399
179288789
4099287
524635090
3075365
10997272
434476793
97094885
140226477
348487243
115065744
1600113
259333
1575476
1712436
305956876
2223018
52933528
433715
11595736
6699082
357780378
1711589
23237718
1467772
496049835
47156230
699647217
1755762926
1476033488
85997303
1018555138
648470611
1151939748
154506630
1338715561
283036476
527575768
9463690
15385187
14946689
137910465
1705216913
669152832
506668006
3296831
836885
7748940
20640580
383668230
1300259363
2009929
4029217
2095877215
300173531
509069409
27441982
137911
2744198
488804685
449300057
160655213647660
262888220
12749533
22609783
1606552
26025860
9459684
2026548816
13647660
11388461
900171
16065527
4672948
18343098
9153331
1548805549
1155574439
529445
321206558
34173336
780699
1412799242
12514033
502909621
6799052
430726
848008
1600142
837470
21648772
