2022-11-12 23:25:49.556555
1300259363
595407557
479089690
9463690
102966998
2379178
669152832
10680360
13098786
429711841
9282552
88381514
12092693
474595619
434967398
407241075
9008159
125526
388657573
391679
1744876562
1606552
449300057
2744198
1575476
85997303
47156230
1712436
348487243
140226477
524635090
699657478
450112114
238171819
724686
5462540
25866139
690111567
7128353
560647
116683
5276
1868591945
13428321
622863
391679/vid
403748305/vid
402923390
403748305
35393135
4435541
313511368
23622677
4050333
13164144
22986763
27231887
168598
3633594
919244
481973539
210291
9550310